16.7949
17.1679
18.3977
20.9098
25.9106
37.6308
85.8823
157.515
36.2419
19.1138
12.3754
8.81907
6.64552
5.19343
4.16326
3.39997
2.81545
2.35605
1.98734
1.68622
1.43667
1.22725
1.04959
0.897432
0.766025
0.651683
0.551522
0.463251
0.385029
0.315364
0.253036
0.197036
0.146525
0.1008
0.0592683
0.0214285
0.0131489
0.0448316
0.0739364
0.100737
0.125473
0.148352
0.169556
0.189245
0.207562
0.22463
0.240562
0.255457
0.269401
0.282475
0.294749
0.306288
0.317149
0.327384
0.337039
0.346159
0.35478
0.36294
0.370669
0.377998
0.384953
0.39156
0.39784
0.403814
0.409503
0.414923
0.42009
0.425021
0.429729
0.434226
0.438525
0.442637
0.446573
0.450341
0.453953
0.457414
0.460734
0.463919
0.466976
0.469913
0.472734
0.475445
0.478053
0.480561
0.482974
0.485297
0.487533
0.48969
0.491764
0.493765
0.495693
0.497553
0.499347
0.501078
0.502747
0.504359
0.505915
0.507417
0.508868
0.510269
0.511622
0.512929
0.514193
0.515413
0.516592
0.517732
0.518833
0.519898
0.520927
0.521921
0.522881
0.52381
0.524707
0.525573
0.526411
0.52722
0.528001
0.528756
0.529484
0.530187
0.530865
0.53152
0.532151
0.532759
0.533345
0.53391
0.534453
0.534977
0.535479
0.535962
0.536426
0.536871
0.537298
0.537707
0.538098
0.538471
0.538828
0.539168
0.539491
0.539799
0.54009
0.540366
0.540626
0.540871
0.541102
0.541317
0.541517
0.541703
0.541875
0.542032
0.542176
0.542305
0.542421
0.542523
0.54261
0.542685
0.542745
0.542792
0.542826
0.542846
0
0
0
0
0
0
0
0
0
0
0
0
0
0
0
0
0
0
0
0
0
0
0
0
0
0
0
0
0
0
0
0
0
0
0
0
0
0
0
0
0
0
0
0
0
0
0
0
0
0
0
0
0
0
0
0
0
0
0
0
0
0
0
0
0
0
0
0
0
0
0
0
0
0
0
0
0
0
0
0
0
0
0
0
0
0
0
0
0
0
0
0
0
0
0
0
0
0
0
0
0
0
0
0
0
0
0
0
0
0
0
0
0
0
0
0
0
0
0
0
0
0
0
0
0
0
0
0
0
0
0
0
0
0
0
0
0
0
0
0
0
0
0
0
0
0
0
0
0
0
0
0
0
0
0
0
0
0
0
0
