0
1.02071e-14
-7.5673e-15
3.66937e-15
5.20851e-16
-9.32774
5.68339e-15
-5.24754e-16
-2.88268e-15
1.26114e-15
-12.7264
1.52209e-14
2.00641e-14
4.7664e-15
-7.71583e-15
-11.4002
-4.56362e-15
2.12243e-14
1.62153e-15
-3.07003e-15
-5.65556
-1.11495e-14
4.25736e-14
4.31534e-14
8.74105e-15
31.8415
3.53249e-14
-3.10407e-14
-3.41847e-14
-1.71499e-14
-17.3113
3.4995e-14
4.92661e-16
1.02106e-14
2.72638e-14
9.73063
1.40285e-14
-1.73581e-14
9.65374e-15
1.4527e-14
15.0353
-1.23442e-13
-2.78163e-14
-1.28712e-14
-2.05101e-13
-33.0014
1.67148e-13
-9.28875e-14
1.88447e-14
1.24211e-13
23.7505
-5.47348e-14
3.56127e-14
-5.54741e-14
-8.60952e-14
-8.9842
3.1215e-14
1.1419e-13
5.04267e-14
1.32836e-14
-7.59113
-6.22202e-15
2.42367e-14
2.28848e-14
3.07638e-14
14.6716
-6.27679e-14
-6.83269e-14
1.94834e-13
-1.8781e-14
-10.8737
-2.45017e-14
-4.26061e-14
3.60432e-14
1.34873e-13
4.12294
7.17742e-17
-1.56277e-14
-1.09957e-13
-1.21354e-13
-1.0066
-2.70066e-14
-3.79124e-15
-8.57951e-15
-8.15025e-14
1.3259
-1.36527e-13
1.15667e-14
2.57632e-14
-9.47466e-14
-3.10126
-1.52595e-13
7.47462e-14
1.66369e-14
-2.28771e-14
1.53959
-9.55312e-15
5.97326e-14
-1.76968e-14
4.2613e-14
1.74365
-5.7793e-14
6.67078e-14
1.53272e-13
-2.40591e-14
-2.03767
1.04977e-14
-9.15431e-14
-7.46495e-14
1.00329e-13
3.30412
6.31804e-14
-1.2686e-14
4.37328e-14
-6.20942e-14
-3.00735
-7.54155e-14
-1.59666e-13
-1.13849e-13
7.29642e-14
2.67689
1.6228e-13
-6.3438e-14
5.09198e-14
1.058e-13
-3.42848
1.36843e-13
1.77547e-13
-6.42589e-14
1.45622e-14
1.8747
6.85606e-14
-2.01165e-13
8.02366e-14
-2.52979e-14
1.02266
-1.19488e-14
-7.67442e-15
1.59619e-13
2.65012e-14
-3.6959
6.51745e-14
-1.2286e-14
1.9082e-13
-2.4441e-14
4.15701
2.37111e-13
-1.32421e-13
-1.01513e-13
-3.08482e-14
-2.30557
1.74856e-13
-3.40687e-14
2.54168e-14
1.70654e-13
-0.0790472
-1.0157e-13
-1.57114e-13
-1.66215e-13
-8.82957e-14
0.972619
-2.61713e-13
-1.50575e-13
1.85016e-13
6.7482e-14
-1.02726
1.16636e-13
1.09376e-13
6.76531e-14
2.27895e-13
0.00927323
-4.94496e-14
-1.0568e-13
1.10792e-13
7.05924e-14
0.671937
-5.3998e-14
-1.40225e-13
1.63561e-13
8.7271e-14
0.278348
1.66732e-13
-7.79697e-14
-1.99455e-13
-1.20718e-13
-0.551372
-9.53361e-14
3.68629e-14
1.04907e-15
3.42948e-13
0.963855
1.55966e-14
-5.09767e-14
3.78186e-14
-2.49644e-13
-0.922221
1.37153e-13
7.79316e-14
-4.37549e-14
-2.64679e-13
0.144249
1.13437e-13
-1.21774e-13
4.38271e-13
1.86468e-13
0.349338
2.27673e-13
-1.66525e-13
2.89074e-14
7.79411e-15
-0.726947
-4.21559e-13
-8.39736e-14
-2.64756e-13
-1.23586e-14
0.772265
-8.73082e-14
-7.56884e-14
-1.1327e-14
3.49227e-13
-0.456158
-7.54384e-14
-3.57422e-14
2.13653e-13
-3.62362e-14
0.0105035
-1.31651e-13
-1.49872e-13
-2.35936e-13
-2.24978e-14
0.439957
-1.33719e-13
-1.54833e-13
4.17374e-15
6.73576e-14
-1.11386
-2.5654e-14
-8.31119e-14
5.73161e-14
-6.54689e-14
1.0311
2.54886e-13
-2.01195e-14
-2.06899e-13
-4.15516e-13
-0.715425
7.03469e-14
2.05767e-13
5.13417e-13
2.50579e-13
-0.121587
-8.34255e-14
-1.73484e-13
-1.00233e-13
-1.20207e-13
1.38797
1.58856e-13
1.75733e-13
-2.33792e-13
-2.52989e-13
-1.29573
-9.51877e-14
4.1217e-13
-1.55131e-13
-4.16442e-14
0.724048
-2.05811e-13
2.50501e-14
-1.73824e-13
1.19373e-14
0.0238136
-1.63352e-14
-6.66979e-14
-1.23166e-13
-2.35302e-14
-0.379155
-2.0641e-13
-1.00194e-13
2.60425e-15
2.5575e-13
-0.160473
-4.26295e-14
1.18121e-13
-1.80225e-13
-3.20049e-13
0.712191
3.45029e-13
3.28474e-14
2.32361e-13
1.9032e-13
-0.454232
-1.27484e-13
-5.42426e-14
-1.35231e-13
-3.62201e-13
-0.491806
2.25345e-14
-4.98087e-14
-4.2381e-14
6.95884e-15
1.4178
-3.33874e-13
4.10652e-15
1.31104e-13
-3.42476e-13
-1.56901
1.40591e-13
5.55073e-13
-4.22453e-13
-2.61359e-13
0.816388
1.38016e-13
-3.58963e-13
-1.61047e-14
7.82733e-14
-0.499133
1.22401e-13
3.23643e-14
1.35527e-13
2.00664e-15
-1.00262e-14
1.50248e-13
1.16173e-13
4.70208e-13
-4.58093e-13
0.499133
-2.23282e-13
1.2901e-13
4.37612e-13
1.89286e-13
-0.816388
6.01219e-13
3.5737e-13
6.76239e-15
1.75301e-13
1.56901
-4.62457e-13
-3.71235e-14
1.03245e-13
-6.99952e-14
-1.4178
-8.0734e-14
-2.25282e-13
3.77181e-14
-6.17851e-13
0.491806
-2.90721e-13
2.20213e-13
2.60445e-14
-1.96742e-13
0.454232
-2.17749e-13
-7.0729e-14
-6.9196e-14
-2.02589e-13
-0.712191
4.7553e-13
1.17237e-13
-6.78817e-14
2.66996e-13
0.160473
-2.27003e-13
-3.19272e-14
-2.46816e-14
1.79997e-13
0.379155
5.03009e-14
3.5881e-13
1.34164e-13
1.51019e-13
-0.0238136
1.77492e-13
1.89273e-13
-3.36185e-14
1.89778e-13
-0.724048
-9.01358e-14
-2.19779e-13
2.77291e-13
8.13197e-13
1.29573
-3.78552e-13
1.63839e-13
-3.33462e-13
-3.19048e-13
-1.38797
3.251e-13
-6.31912e-14
-3.57069e-13
5.35768e-13
0.121587
1.04575e-13
8.88178e-16
-7.58942e-13
3.74284e-14
0.715425
5.25439e-13
9.96172e-14
3.85188e-13
4.93377e-13
-1.0311
-1.23956e-13
6.52881e-13
3.61319e-13
4.75502e-13
1.11386
-7.38918e-14
-2.77581e-13
-9.00367e-14
1.95547e-14
-0.439957
2.97096e-13
-7.20002e-13
2.53379e-13
1.23503e-13
-0.0105035
2.87957e-13
1.14115e-13
4.39385e-13
1.17489e-13
0.456158
-2.67762e-13
-2.27722e-13
-1.47942e-13
-4.04e-13
-0.772265
1.18352e-13
4.35942e-13
-3.11717e-14
-1.59146e-13
0.726947
3.83674e-13
-8.02557e-14
-2.76235e-14
1.01264e-14
-0.349338
-1.86102e-13
2.31962e-13
3.84317e-13
3.61807e-13
-0.144249
-9.65855e-14
-1.24244e-13
1.15002e-13
-5.53021e-14
0.922221
-2.85021e-13
1.40112e-13
3.34745e-13
-2.77512e-15
-0.963855
7.64804e-13
-5.79344e-13
7.33646e-13
-1.26004e-13
0.551372
-2.33482e-13
-3.76348e-15
-7.34443e-14
8.667e-14
-0.278348
-3.26106e-13
-6.632e-13
6.90027e-14
-1.48354e-13
-0.671937
2.4545e-14
-1.67763e-13
-1.38986e-14
-4.68451e-13
-0.00927323
4.95684e-14
-2.96625e-13
1.44942e-13
1.20542e-14
1.02726
-1.39578e-14
-4.42823e-13
-1.47042e-13
-9.67697e-13
-0.972619
3.95482e-14
3.80978e-13
1.8723e-13
4.22086e-13
0.0790472
-3.37292e-13
4.46141e-13
-6.63812e-13
1.02721e-13
2.30557
-7.3466e-14
-1.91074e-13
-4.24316e-13
-2.09571e-13
-4.15701
5.29656e-13
1.20266e-13
1.80824e-13
1.43304e-13
3.6959
-2.82478e-13
1.77688e-13
4.74128e-13
-5.00316e-14
-1.02266
-7.85589e-13
-2.75301e-13
-2.05809e-13
-6.40058e-13
-1.8747
1.12391e-13
-2.59303e-13
-3.88e-13
-1.13873e-12
3.42848
-1.35287e-14
-8.72851e-13
-7.18273e-13
5.36642e-13
-2.67689
1.13031e-13
2.35915e-13
-1.22026e-13
3.75781e-13
3.00735
2.19276e-13
-1.65649e-13
4.8741e-13
-2.95886e-13
-3.30412
-6.20143e-13
-3.82494e-14
-1.63128e-13
3.47286e-13
2.03767
-3.94238e-13
5.06149e-15
2.72104e-13
5.93111e-13
-1.74365
1.43472e-13
1.7622e-13
-6.2297e-13
5.14109e-13
-1.53959
-9.12507e-13
1.29916e-13
-1.71059e-14
-5.5147e-13
3.10126
-7.49788e-13
4.02967e-13
-5.9941e-13
-9.45889e-13
-1.3259
-1.03215e-13
-5.15483e-13
2.78113e-13
-4.86759e-14
1.0066
-2.0226e-14
-2.19832e-13
-5.41984e-13
3.75632e-13
-4.12294
-2.78502e-13
1.35694e-13
3.41966e-14
-5.59354e-13
10.8737
2.94079e-15
-1.3579e-13
-8.2303e-13
-3.49916e-13
-14.6716
2.5614e-13
-3.06434e-13
9.3687e-14
2.77911e-14
7.59113
9.87491e-15
4.70994e-13
-6.41544e-15
1.21994e-13
8.9842
-9.01174e-13
-3.61319e-13
-3.48347e-13
-3.33319e-13
-23.7505
4.29763e-14
9.9672e-14
1.13222e-12
7.42596e-13
33.0014
-1.05469e-12
-1.03586e-12
-6.38384e-13
3.66116e-13
-15.0353
-2.28821e-13
2.18077e-13
-1.10855e-13
-2.69874e-13
-9.73063
1.55562e-13
-1.24444e-13
3.21607e-13
1.0038e-12
17.3113
4.22154e-13
3.20428e-13
-1.59865e-12
7.87113e-13
-31.8415
3.79256e-13
6.69872e-13
3.81354e-13
-3.36879e-14
5.65556
6.55483e-14
6.59712e-13
2.41371e-13
1.14687e-12
11.4002
-3.98288e-14
1.50947e-13
-7.83665e-14
-4.23724e-14
12.7264
-1.48421e-13
3.59399e-13
-1.17233e-12
-2.82688e-13
9.32774
-8.37261e-13
-1.32846e-12
-3.30467e-13
-1.33795e-13
