31.5465
-7.05599e-16
-4.14946e-15
1.01091e-15
6.08259e-15
5.52884
-5.56749e-15
-4.07421e-15
-7.62715e-15
-1.17393e-14
-15.5217
2.29825e-14
8.74951e-15
-1.58077e-14
-9.08128e-16
10.447
8.9026e-15
1.21279e-14
-1.11786e-14
-2.98513e-14
-23.7853
9.52211e-15
2.7439e-14
1.7738e-14
1.97758e-14
-8.061
-2.23766e-14
4.34748e-14
1.4828e-14
2.14863e-14
19.9577
-7.01918e-14
-4.9226e-15
5.85005e-14
8.01733e-14
-21.2926
-1.33951e-14
-5.66821e-16
6.20936e-14
7.26866e-14
28.3907
-1.90045e-13
2.00864e-14
-7.91973e-14
-1.06656e-13
-7.18113
3.16535e-14
-9.65265e-15
-1.05429e-13
-4.70184e-14
-12.8913
-3.99984e-15
-7.37028e-14
-1.36649e-14
1.22452e-13
21.8637
-4.31985e-14
-8.22799e-14
-1.58497e-14
-9.00632e-14
-19.9047
2.53482e-14
2.56991e-14
-5.202e-15
-2.37831e-15
7.46585
8.84037e-14
-7.80756e-15
6.88893e-14
4.2654e-14
2.58627
-1.04429e-14
5.58574e-14
-3.43016e-14
-1.06091e-13
-5.22237
5.77836e-14
-4.22752e-14
1.12696e-14
-4.603e-14
2.92585
5.89073e-14
-6.22954e-14
-3.42369e-14
-4.938e-14
-0.654153
-1.16098e-13
8.59772e-15
-3.22624e-14
3.0205e-14
1.1651
4.05236e-14
-1.70103e-14
3.50761e-15
2.67984e-14
-4.77209
-3.39095e-14
-7.25539e-14
2.75202e-13
-1.87957e-15
4.48308
9.03873e-14
1.44937e-13
5.53416e-14
1.11622e-13
-2.98687
1.01133e-13
-1.3273e-13
-9.86689e-15
-2.66233e-14
1.49588
-2.72778e-13
5.0225e-14
2.00603e-14
8.40621e-14
0.600801
7.82876e-14
8.70684e-14
-9.36438e-14
5.94707e-14
-0.401048
5.0312e-14
1.06819e-13
-1.28023e-15
-5.38085e-14
1.80774
2.52038e-14
-2.17972e-13
2.5876e-14
7.14047e-14
-3.97419
-9.78558e-15
-1.73846e-13
1.70084e-13
-3.56682e-14
4.45945
-4.08961e-15
-1.12657e-14
6.54771e-14
1.89436e-13
-2.87691
-1.11436e-13
8.28131e-14
2.66289e-14
9.37813e-14
-0.220602
1.21682e-13
5.6312e-14
-2.6421e-14
-2.19761e-14
2.64997
2.95773e-13
7.18718e-14
-5.32426e-14
1.64383e-13
-2.61383
2.48468e-13
4.13623e-13
-4.43918e-14
5.53019e-14
1.06452
1.5857e-14
-3.23931e-14
-1.14715e-13
6.13758e-14
0.160772
-2.61193e-14
-1.36045e-13
-1.26324e-13
5.23062e-15
-0.68888
-4.00756e-14
1.47002e-14
1.23513e-13
-1.04686e-13
-0.61361
-3.26423e-14
-2.30378e-13
9.11658e-14
2.73171e-14
1.04159
6.88915e-14
-9.7403e-14
3.15672e-14
8.63834e-14
-0.514499
-1.84679e-13
-6.26736e-14
2.59298e-15
2.27642e-13
0.164018
1.93128e-13
1.31567e-13
-2.10701e-13
9.46764e-14
0.780693
1.19635e-13
1.0028e-13
2.92942e-14
-2.1503e-14
-0.980727
-9.0569e-14
-1.00402e-13
1.20974e-13
-6.61884e-15
0.686181
1.33707e-13
1.47074e-13
2.67546e-13
3.17511e-14
-0.301399
1.56491e-13
6.18986e-14
3.2757e-14
-1.70132e-13
-0.144019
7.59401e-14
-8.4403e-15
9.70318e-15
-2.8801e-13
0.557554
-3.67705e-14
-1.45179e-13
1.57275e-13
-5.43601e-13
-0.817563
1.1431e-13
-6.37398e-14
9.8106e-14
1.22298e-13
0.945023
1.95716e-14
-3.20373e-13
-1.55267e-13
-1.41296e-13
-0.329614
2.10291e-13
-3.20504e-15
-7.18735e-14
2.03106e-13
-0.669673
-4.64099e-14
-1.35057e-14
2.33906e-14
1.60427e-13
1.08379
-5.10776e-14
-2.23437e-13
1.88598e-13
-3.35866e-14
-1.57729
8.51407e-14
-6.51842e-14
-5.71253e-14
-9.43685e-14
0.847197
3.02787e-13
-6.04269e-14
2.05093e-13
-5.38502e-15
0.358042
4.54786e-14
-1.02259e-13
1.18389e-13
1.70595e-13
-0.790143
-4.35151e-14
1.2617e-13
1.69165e-13
-2.67415e-13
0.740107
-2.5823e-13
7.0317e-14
1.49959e-13
-3.5386e-14
-0.0948654
-8.3058e-14
-1.81541e-14
-9.51361e-14
-1.78693e-13
-0.18156
2.41813e-13
-1.9471e-13
-1.00113e-13
3.5255e-13
-0.280561
-2.01274e-13
9.86855e-14
-3.23987e-13
1.01288e-13
1.00524
-1.26251e-13
2.85019e-14
-1.1023e-13
-3.14267e-13
-1.28008
4.77413e-14
-4.01471e-14
1.30187e-14
1.36036e-13
0.852605
3.05083e-13
-2.33019e-14
-1.84259e-13
-4.95035e-13
0.272452
-1.38846e-13
4.40714e-13
-4.43656e-16
3.22269e-13
-0.901153
4.16913e-13
-1.91802e-13
-2.79141e-13
-8.05439e-14
1.03987
-1.20493e-13
1.87353e-13
1.92905e-13
1.28983e-13
-1.35077
-2.87465e-14
3.87942e-13
-8.14986e-14
2.54309e-13
1.03987
-4.62746e-13
2.17172e-13
-9.25197e-14
-4.31614e-13
-0.901153
4.79583e-13
1.83783e-13
9.45658e-14
-2.23067e-13
0.272452
8.42898e-14
2.29932e-13
1.98535e-13
1.13067e-13
0.852605
-2.64583e-13
-1.01368e-13
-3.98119e-14
-1.09374e-14
-1.28008
-2.25304e-13
1.97621e-13
1.82298e-14
4.39627e-14
1.00524
3.45448e-14
-7.92796e-15
-4.26387e-13
-4.6327e-13
-0.280561
-4.30776e-13
-7.90702e-13
1.36564e-13
2.55731e-13
-0.18156
-4.00405e-14
2.23615e-14
-3.34094e-13
-3.72476e-13
-0.0948654
-1.56267e-13
2.68481e-13
-3.11092e-14
3.96069e-13
0.740107
-3.83249e-13
-2.25593e-13
4.6463e-13
4.67369e-13
-0.790143
-2.70389e-13
-1.91057e-13
4.50226e-13
5.09833e-14
0.358042
2.3686e-13
2.56851e-13
1.08013e-13
7.30631e-14
0.847197
2.72483e-13
3.48107e-14
-8.47757e-14
-1.61204e-13
-1.57729
1.58485e-13
2.45132e-13
-1.50594e-13
-2.20536e-13
1.08379
3.17692e-13
1.95308e-13
5.1087e-13
4.85021e-13
-0.669673
-3.89795e-13
8.12328e-13
-1.18887e-13
9.1092e-14
-0.329614
-1.79814e-13
-3.78068e-13
-1.8846e-13
2.46768e-13
0.945023
-1.91536e-13
1.48625e-13
-2.0887e-13
3.06693e-13
-0.817563
-2.83881e-13
-9.92687e-13
4.71043e-13
2.27617e-14
0.557554
-2.78918e-13
-3.95421e-13
5.54652e-14
-6.88815e-14
-0.144019
-3.16697e-13
-1.92198e-13
1.89936e-13
7.01542e-14
-0.301399
1.31378e-13
-3.35979e-13
-4.81353e-13
-1.8959e-13
0.686181
-5.31274e-13
2.117e-13
3.22255e-14
-1.71723e-13
-0.980727
-4.80368e-13
-8.66916e-14
-2.02093e-14
2.65253e-13
0.780693
2.08827e-13
5.1046e-14
-3.26057e-13
5.07015e-13
0.164018
1.79223e-14
-1.23837e-13
-4.35056e-13
-3.58397e-13
-0.514499
3.77511e-14
-2.40993e-13
3.06461e-13
-6.10249e-13
1.04159
-9.75101e-14
-1.45215e-13
1.86381e-13
4.56137e-14
-0.61361
3.20744e-13
-2.77781e-13
-4.75368e-15
7.11365e-14
-0.68888
-4.82388e-13
-4.99689e-13
2.51014e-15
-2.24326e-13
0.160772
-1.20591e-13
-3.72487e-13
-1.7312e-13
-1.53365e-13
1.06452
-1.55739e-14
2.22699e-14
7.17156e-13
7.71547e-13
-2.61383
9.4352e-13
1.39584e-13
-2.77908e-13
-2.12858e-13
2.64997
-3.85165e-13
-1.35864e-13
-6.17453e-13
-2.51695e-14
-0.220602
-1.46336e-13
-1.5179e-13
5.26228e-14
-4.50334e-14
-2.87691
-4.73931e-13
-1.42329e-13
4.2654e-13
-4.72955e-14
4.45945
-9.63558e-14
-4.20478e-13
-6.95269e-13
-8.04964e-13
-3.97419
-2.63596e-13
-1.03908e-13
-1.82801e-14
-5.21479e-13
1.80774
4.36079e-13
-7.63772e-13
-1.24309e-12
-8.72299e-13
-0.401048
-4.333e-13
5.98915e-13
6.32558e-14
8.94697e-14
0.600801
-1.01359e-13
5.2439e-14
-7.74454e-13
-7.33986e-13
1.49588
3.67264e-13
-1.14818e-14
-4.29419e-13
1.03034e-12
-2.98687
6.65985e-13
-2.25891e-14
-2.70296e-14
-3.83173e-13
4.48308
-1.20221e-13
1.93095e-13
-1.06075e-12
8.1637e-13
-4.77209
-1.44966e-13
2.34947e-14
-3.35671e-13
1.70197e-13
1.1651
2.5115e-13
1.2413e-13
2.67743e-13
6.03321e-13
-0.654153
-7.17691e-13
-2.23691e-13
-1.04529e-13
-2.68962e-13
2.92585
-2.2855e-15
-2.79003e-13
1.05064e-14
-2.99098e-13
-5.22237
-4.80558e-13
5.48138e-13
-5.84598e-13
8.78783e-13
2.58627
6.08553e-13
3.46807e-13
1.08682e-13
2.54477e-13
7.46585
-3.96274e-13
3.82878e-13
-4.88656e-13
6.07025e-13
-19.9047
-8.5668e-13
1.16974e-13
5.55819e-13
7.46932e-13
21.8637
-5.24466e-13
-3.57944e-13
-2.17036e-13
-6.46701e-14
-12.8913
1.30499e-12
-1.00146e-14
-5.01089e-13
7.11622e-13
-7.18113
5.51384e-13
6.14167e-13
7.36469e-13
3.84623e-14
28.3907
3.93868e-13
-3.66452e-13
-5.10592e-13
-1.29438e-12
-21.2926
1.30469e-12
-9.01228e-13
1.03651e-12
1.79468e-13
19.9577
-1.06637e-12
-3.18101e-14
-4.21989e-13
1.09474e-12
-8.061
4.21488e-13
-1.26834e-12
2.52136e-13
3.37072e-14
-23.7853
2.57283e-13
8.52813e-13
-2.72278e-13
7.34359e-13
10.447
-5.98459e-13
7.45677e-13
-3.29231e-13
3.26291e-13
-15.5217
8.18641e-13
3.91629e-13
4.74035e-13
1.23421e-12
5.52884
7.691e-13
1.5674e-13
-1.48038e-12
2.26445e-12
